         1:          1          2          9          8
         2:          2          3         10          9
         3:          3          4         11         10
         4:          4          5         12         11
         5:          5          6         13         12
         6:          6          7         14         13
         7:          8          9         16         15
         8:          9         10         17         16
         9:         10         11         18         17
        10:         11         12         19         18
        11:         12         13         20         19
        12:         13         14         21         20
        13:         15         16         23         22
        14:         16         17         24         23
        15:         17         18         25         24
        16:         18         19         26         25
        17:         19         20         27         26
        18:         20         21         28         27
        19:         22         23         30         29
        20:         23         24         31         30
        21:         24         25         32         31
        22:         25         26         33         32
        23:         26         27         34         33
        24:         27         28         35         34
        25:         29         30         37         36
        26:         30         31         38         37
        27:         31         32         39         38
        28:         32         33         40         39
        29:         33         34         41         40
        30:         34         35         42         41
        31:         36         37         44         43
        32:         37         38         45         44
        33:         38         39         46         45
        34:         39         40         47         46
        35:         40         41         48         47
        36:         41         42         49         48
