         1:          1          2          9          8
         2:          2          3         10          9
         3:          3          4         11         10
         4:          4          5         12         11
         5:          5          6         13         12
         6:          6          7         14         13
         7:          8          9         16         15
         8:          9         10         17         16
         9:         10         11         18         17
        10:         11         12         19         18
        11:         12         13         20         19
        12:         13         14         21         20
